0 100 99
0 1 1 1
0 2 200 0
0 3 200 0
0 4 200 0
0 5 200 0
0 6 200 0
0 7 200 0
0 8 200 0
0 9 200 0
0 10 200 0
0 11 200 0
0 12 200 0
0 13 200 0
0 14 200 0
0 15 200 0
0 16 200 0
0 17 200 0
0 18 200 0
0 19 200 0
0 20 200 0
0 21 200 0
0 22 200 0
0 23 200 0
0 24 200 0
0 25 200 0
0 26 200 0
0 27 200 0
0 28 200 0
0 29 200 0
0 30 200 0
0 31 200 0
0 32 200 0
0 33 200 0
0 34 200 0
0 35 200 0
0 36 200 0
0 37 200 0
0 38 200 0
0 39 200 0
0 40 200 0
0 41 200 0
0 42 200 0
0 43 200 0
0 44 200 0
0 45 200 0
0 46 200 0
0 47 200 0
0 48 200 0
0 49 200 0
0 50 200 0
0 51 200 0
0 52 200 0
0 53 200 0
0 54 200 0
0 55 200 0
0 56 200 0
0 57 200 0
0 58 200 0
0 59 200 0
0 60 200 0
0 61 200 0
0 62 200 0
0 63 200 0
0 64 200 0
0 65 200 0
0 66 200 0
0 67 200 0
0 68 200 0
0 69 200 0
0 70 200 0
0 71 200 0
0 72 200 0
0 73 200 0
0 74 200 0
0 75 200 0
0 76 200 0
0 77 200 0
0 78 200 0
0 79 200 0
0 80 200 0
0 81 200 0
0 82 200 0
0 83 200 0
0 84 200 0
0 85 200 0
0 86 200 0
0 87 200 0
0 88 200 0
0 89 200 0
0 90 200 0
0 91 200 0
0 92 200 0
0 93 200 0
0 94 200 0
0 95 200 0
0 96 200 0
0 97 200 0
0 98 200 0
0 99 200 0
0 100 200 0
1 2 1 1
1 3 200 0
1 4 200 0
1 5 200 0
1 6 200 0
1 7 200 0
1 8 200 0
1 9 200 0
1 10 200 0
1 11 200 0
1 12 200 0
1 13 200 0
1 14 200 0
1 15 200 0
1 16 200 0
1 17 200 0
1 18 200 0
1 19 200 0
1 20 200 0
1 21 200 0
1 22 200 0
1 23 200 0
1 24 200 0
1 25 200 0
1 26 200 0
1 27 200 0
1 28 200 0
1 29 200 0
1 30 200 0
1 31 200 0
1 32 200 0
1 33 200 0
1 34 200 0
1 35 200 0
1 36 200 0
1 37 200 0
1 38 200 0
1 39 200 0
1 40 200 0
1 41 200 0
1 42 200 0
1 43 200 0
1 44 200 0
1 45 200 0
1 46 200 0
1 47 200 0
1 48 200 0
1 49 200 0
1 50 200 0
1 51 200 0
1 52 200 0
1 53 200 0
1 54 200 0
1 55 200 0
1 56 200 0
1 57 200 0
1 58 200 0
1 59 200 0
1 60 200 0
1 61 200 0
1 62 200 0
1 63 200 0
1 64 200 0
1 65 200 0
1 66 200 0
1 67 200 0
1 68 200 0
1 69 200 0
1 70 200 0
1 71 200 0
1 72 200 0
1 73 200 0
1 74 200 0
1 75 200 0
1 76 200 0
1 77 200 0
1 78 200 0
1 79 200 0
1 80 200 0
1 81 200 0
1 82 200 0
1 83 200 0
1 84 200 0
1 85 200 0
1 86 200 0
1 87 200 0
1 88 200 0
1 89 200 0
1 90 200 0
1 91 200 0
1 92 200 0
1 93 200 0
1 94 200 0
1 95 200 0
1 96 200 0
1 97 200 0
1 98 200 0
1 99 200 0
1 100 200 0
2 3 1 1
2 4 200 0
2 5 200 0
2 6 200 0
2 7 200 0
2 8 200 0
2 9 200 0
2 10 200 0
2 11 200 0
2 12 200 0
2 13 200 0
2 14 200 0
2 15 200 0
2 16 200 0
2 17 200 0
2 18 200 0
2 19 200 0
2 20 200 0
2 21 200 0
2 22 200 0
2 23 200 0
2 24 200 0
2 25 200 0
2 26 200 0
2 27 200 0
2 28 200 0
2 29 200 0
2 30 200 0
2 31 200 0
2 32 200 0
2 33 200 0
2 34 200 0
2 35 200 0
2 36 200 0
2 37 200 0
2 38 200 0
2 39 200 0
2 40 200 0
2 41 200 0
2 42 200 0
2 43 200 0
2 44 200 0
2 45 200 0
2 46 200 0
2 47 200 0
2 48 200 0
2 49 200 0
2 50 200 0
2 51 200 0
2 52 200 0
2 53 200 0
2 54 200 0
2 55 200 0
2 56 200 0
2 57 200 0
2 58 200 0
2 59 200 0
2 60 200 0
2 61 200 0
2 62 200 0
2 63 200 0
2 64 200 0
2 65 200 0
2 66 200 0
2 67 200 0
2 68 200 0
2 69 200 0
2 70 200 0
2 71 200 0
2 72 200 0
2 73 200 0
2 74 200 0
2 75 200 0
2 76 200 0
2 77 200 0
2 78 200 0
2 79 200 0
2 80 200 0
2 81 200 0
2 82 200 0
2 83 200 0
2 84 200 0
2 85 200 0
2 86 200 0
2 87 200 0
2 88 200 0
2 89 200 0
2 90 200 0
2 91 200 0
2 92 200 0
2 93 200 0
2 94 200 0
2 95 200 0
2 96 200 0
2 97 200 0
2 98 200 0
2 99 200 0
2 100 200 0
3 4 1 1
3 5 200 0
3 6 200 0
3 7 200 0
3 8 200 0
3 9 200 0
3 10 200 0
3 11 200 0
3 12 200 0
3 13 200 0
3 14 200 0
3 15 200 0
3 16 200 0
3 17 200 0
3 18 200 0
3 19 200 0
3 20 200 0
3 21 200 0
3 22 200 0
3 23 200 0
3 24 200 0
3 25 200 0
3 26 200 0
3 27 200 0
3 28 200 0
3 29 200 0
3 30 200 0
3 31 200 0
3 32 200 0
3 33 200 0
3 34 200 0
3 35 200 0
3 36 200 0
3 37 200 0
3 38 200 0
3 39 200 0
3 40 200 0
3 41 200 0
3 42 200 0
3 43 200 0
3 44 200 0
3 45 200 0
3 46 200 0
3 47 200 0
3 48 200 0
3 49 200 0
3 50 200 0
3 51 200 0
3 52 200 0
3 53 200 0
3 54 200 0
3 55 200 0
3 56 200 0
3 57 200 0
3 58 200 0
3 59 200 0
3 60 200 0
3 61 200 0
3 62 200 0
3 63 200 0
3 64 200 0
3 65 200 0
3 66 200 0
3 67 200 0
3 68 200 0
3 69 200 0
3 70 200 0
3 71 200 0
3 72 200 0
3 73 200 0
3 74 200 0
3 75 200 0
3 76 200 0
3 77 200 0
3 78 200 0
3 79 200 0
3 80 200 0
3 81 200 0
3 82 200 0
3 83 200 0
3 84 200 0
3 85 200 0
3 86 200 0
3 87 200 0
3 88 200 0
3 89 200 0
3 90 200 0
3 91 200 0
3 92 200 0
3 93 200 0
3 94 200 0
3 95 200 0
3 96 200 0
3 97 200 0
3 98 200 0
3 99 200 0
3 100 200 0
4 5 1 1
4 6 200 0
4 7 200 0
4 8 200 0
4 9 200 0
4 10 200 0
4 11 200 0
4 12 200 0
4 13 200 0
4 14 200 0
4 15 200 0
4 16 200 0
4 17 200 0
4 18 200 0
4 19 200 0
4 20 200 0
4 21 200 0
4 22 200 0
4 23 200 0
4 24 200 0
4 25 200 0
4 26 200 0
4 27 200 0
4 28 200 0
4 29 200 0
4 30 200 0
4 31 200 0
4 32 200 0
4 33 200 0
4 34 200 0
4 35 200 0
4 36 200 0
4 37 200 0
4 38 200 0
4 39 200 0
4 40 200 0
4 41 200 0
4 42 200 0
4 43 200 0
4 44 200 0
4 45 200 0
4 46 200 0
4 47 200 0
4 48 200 0
4 49 200 0
4 50 200 0
4 51 200 0
4 52 200 0
4 53 200 0
4 54 200 0
4 55 200 0
4 56 200 0
4 57 200 0
4 58 200 0
4 59 200 0
4 60 200 0
4 61 200 0
4 62 200 0
4 63 200 0
4 64 200 0
4 65 200 0
4 66 200 0
4 67 200 0
4 68 200 0
4 69 200 0
4 70 200 0
4 71 200 0
4 72 200 0
4 73 200 0
4 74 200 0
4 75 200 0
4 76 200 0
4 77 200 0
4 78 200 0
4 79 200 0
4 80 200 0
4 81 200 0
4 82 200 0
4 83 200 0
4 84 200 0
4 85 200 0
4 86 200 0
4 87 200 0
4 88 200 0
4 89 200 0
4 90 200 0
4 91 200 0
4 92 200 0
4 93 200 0
4 94 200 0
4 95 200 0
4 96 200 0
4 97 200 0
4 98 200 0
4 99 200 0
4 100 200 0
5 6 1 1
5 7 200 0
5 8 200 0
5 9 200 0
5 10 200 0
5 11 200 0
5 12 200 0
5 13 200 0
5 14 200 0
5 15 200 0
5 16 200 0
5 17 200 0
5 18 200 0
5 19 200 0
5 20 200 0
5 21 200 0
5 22 200 0
5 23 200 0
5 24 200 0
5 25 200 0
5 26 200 0
5 27 200 0
5 28 200 0
5 29 200 0
5 30 200 0
5 31 200 0
5 32 200 0
5 33 200 0
5 34 200 0
5 35 200 0
5 36 200 0
5 37 200 0
5 38 200 0
5 39 200 0
5 40 200 0
5 41 200 0
5 42 200 0
5 43 200 0
5 44 200 0
5 45 200 0
5 46 200 0
5 47 200 0
5 48 200 0
5 49 200 0
5 50 200 0
5 51 200 0
5 52 200 0
5 53 200 0
5 54 200 0
5 55 200 0
5 56 200 0
5 57 200 0
5 58 200 0
5 59 200 0
5 60 200 0
5 61 200 0
5 62 200 0
5 63 200 0
5 64 200 0
5 65 200 0
5 66 200 0
5 67 200 0
5 68 200 0
5 69 200 0
5 70 200 0
5 71 200 0
5 72 200 0
5 73 200 0
5 74 200 0
5 75 200 0
5 76 200 0
5 77 200 0
5 78 200 0
5 79 200 0
5 80 200 0
5 81 200 0
5 82 200 0
5 83 200 0
5 84 200 0
5 85 200 0
5 86 200 0
5 87 200 0
5 88 200 0
5 89 200 0
5 90 200 0
5 91 200 0
5 92 200 0
5 93 200 0
5 94 200 0
5 95 200 0
5 96 200 0
5 97 200 0
5 98 200 0
5 99 200 0
5 100 200 0
6 7 1 1
6 8 200 0
6 9 200 0
6 10 200 0
6 11 200 0
6 12 200 0
6 13 200 0
6 14 200 0
6 15 200 0
6 16 200 0
6 17 200 0
6 18 200 0
6 19 200 0
6 20 200 0
6 21 200 0
6 22 200 0
6 23 200 0
6 24 200 0
6 25 200 0
6 26 200 0
6 27 200 0
6 28 200 0
6 29 200 0
6 30 200 0
6 31 200 0
6 32 200 0
6 33 200 0
6 34 200 0
6 35 200 0
6 36 200 0
6 37 200 0
6 38 200 0
6 39 200 0
6 40 200 0
6 41 200 0
6 42 200 0
6 43 200 0
6 44 200 0
6 45 200 0
6 46 200 0
6 47 200 0
6 48 200 0
6 49 200 0
6 50 200 0
6 51 200 0
6 52 200 0
6 53 200 0
6 54 200 0
6 55 200 0
6 56 200 0
6 57 200 0
6 58 200 0
6 59 200 0
6 60 200 0
6 61 200 0
6 62 200 0
6 63 200 0
6 64 200 0
6 65 200 0
6 66 200 0
6 67 200 0
6 68 200 0
6 69 200 0
6 70 200 0
6 71 200 0
6 72 200 0
6 73 200 0
6 74 200 0
6 75 200 0
6 76 200 0
6 77 200 0
6 78 200 0
6 79 200 0
6 80 200 0
6 81 200 0
6 82 200 0
6 83 200 0
6 84 200 0
6 85 200 0
6 86 200 0
6 87 200 0
6 88 200 0
6 89 200 0
6 90 200 0
6 91 200 0
6 92 200 0
6 93 200 0
6 94 200 0
6 95 200 0
6 96 200 0
6 97 200 0
6 98 200 0
6 99 200 0
6 100 200 0
7 8 1 1
7 9 200 0
7 10 200 0
7 11 200 0
7 12 200 0
7 13 200 0
7 14 200 0
7 15 200 0
7 16 200 0
7 17 200 0
7 18 200 0
7 19 200 0
7 20 200 0
7 21 200 0
7 22 200 0
7 23 200 0
7 24 200 0
7 25 200 0
7 26 200 0
7 27 200 0
7 28 200 0
7 29 200 0
7 30 200 0
7 31 200 0
7 32 200 0
7 33 200 0
7 34 200 0
7 35 200 0
7 36 200 0
7 37 200 0
7 38 200 0
7 39 200 0
7 40 200 0
7 41 200 0
7 42 200 0
7 43 200 0
7 44 200 0
7 45 200 0
7 46 200 0
7 47 200 0
7 48 200 0
7 49 200 0
7 50 200 0
7 51 200 0
7 52 200 0
7 53 200 0
7 54 200 0
7 55 200 0
7 56 200 0
7 57 200 0
7 58 200 0
7 59 200 0
7 60 200 0
7 61 200 0
7 62 200 0
7 63 200 0
7 64 200 0
7 65 200 0
7 66 200 0
7 67 200 0
7 68 200 0
7 69 200 0
7 70 200 0
7 71 200 0
7 72 200 0
7 73 200 0
7 74 200 0
7 75 200 0
7 76 200 0
7 77 200 0
7 78 200 0
7 79 200 0
7 80 200 0
7 81 200 0
7 82 200 0
7 83 200 0
7 84 200 0
7 85 200 0
7 86 200 0
7 87 200 0
7 88 200 0
7 89 200 0
7 90 200 0
7 91 200 0
7 92 200 0
7 93 200 0
7 94 200 0
7 95 200 0
7 96 200 0
7 97 200 0
7 98 200 0
7 99 200 0
7 100 200 0
8 9 1 1
8 10 200 0
8 11 200 0
8 12 200 0
8 13 200 0
8 14 200 0
8 15 200 0
8 16 200 0
8 17 200 0
8 18 200 0
8 19 200 0
8 20 200 0
8 21 200 0
8 22 200 0
8 23 200 0
8 24 200 0
8 25 200 0
8 26 200 0
8 27 200 0
8 28 200 0
8 29 200 0
8 30 200 0
8 31 200 0
8 32 200 0
8 33 200 0
8 34 200 0
8 35 200 0
8 36 200 0
8 37 200 0
8 38 200 0
8 39 200 0
8 40 200 0
8 41 200 0
8 42 200 0
8 43 200 0
8 44 200 0
8 45 200 0
8 46 200 0
8 47 200 0
8 48 200 0
8 49 200 0
8 50 200 0
8 51 200 0
8 52 200 0
8 53 200 0
8 54 200 0
8 55 200 0
8 56 200 0
8 57 200 0
8 58 200 0
8 59 200 0
8 60 200 0
8 61 200 0
8 62 200 0
8 63 200 0
8 64 200 0
8 65 200 0
8 66 200 0
8 67 200 0
8 68 200 0
8 69 200 0
8 70 200 0
8 71 200 0
8 72 200 0
8 73 200 0
8 74 200 0
8 75 200 0
8 76 200 0
8 77 200 0
8 78 200 0
8 79 200 0
8 80 200 0
8 81 200 0
8 82 200 0
8 83 200 0
8 84 200 0
8 85 200 0
8 86 200 0
8 87 200 0
8 88 200 0
8 89 200 0
8 90 200 0
8 91 200 0
8 92 200 0
8 93 200 0
8 94 200 0
8 95 200 0
8 96 200 0
8 97 200 0
8 98 200 0
8 99 200 0
8 100 200 0
9 10 1 1
9 11 200 0
9 12 200 0
9 13 200 0
9 14 200 0
9 15 200 0
9 16 200 0
9 17 200 0
9 18 200 0
9 19 200 0
9 20 200 0
9 21 200 0
9 22 200 0
9 23 200 0
9 24 200 0
9 25 200 0
9 26 200 0
9 27 200 0
9 28 200 0
9 29 200 0
9 30 200 0
9 31 200 0
9 32 200 0
9 33 200 0
9 34 200 0
9 35 200 0
9 36 200 0
9 37 200 0
9 38 200 0
9 39 200 0
9 40 200 0
9 41 200 0
9 42 200 0
9 43 200 0
9 44 200 0
9 45 200 0
9 46 200 0
9 47 200 0
9 48 200 0
9 49 200 0
9 50 200 0
9 51 200 0
9 52 200 0
9 53 200 0
9 54 200 0
9 55 200 0
9 56 200 0
9 57 200 0
9 58 200 0
9 59 200 0
9 60 200 0
9 61 200 0
9 62 200 0
9 63 200 0
9 64 200 0
9 65 200 0
9 66 200 0
9 67 200 0
9 68 200 0
9 69 200 0
9 70 200 0
9 71 200 0
9 72 200 0
9 73 200 0
9 74 200 0
9 75 200 0
9 76 200 0
9 77 200 0
9 78 200 0
9 79 200 0
9 80 200 0
9 81 200 0
9 82 200 0
9 83 200 0
9 84 200 0
9 85 200 0
9 86 200 0
9 87 200 0
9 88 200 0
9 89 200 0
9 90 200 0
9 91 200 0
9 92 200 0
9 93 200 0
9 94 200 0
9 95 200 0
9 96 200 0
9 97 200 0
9 98 200 0
9 99 200 0
9 100 200 0
10 11 1 1
10 12 200 0
10 13 200 0
10 14 200 0
10 15 200 0
10 16 200 0
10 17 200 0
10 18 200 0
10 19 200 0
10 20 200 0
10 21 200 0
10 22 200 0
10 23 200 0
10 24 200 0
10 25 200 0
10 26 200 0
10 27 200 0
10 28 200 0
10 29 200 0
10 30 200 0
10 31 200 0
10 32 200 0
10 33 200 0
10 34 200 0
10 35 200 0
10 36 200 0
10 37 200 0
10 38 200 0
10 39 200 0
10 40 200 0
10 41 200 0
10 42 200 0
10 43 200 0
10 44 200 0
10 45 200 0
10 46 200 0
10 47 200 0
10 48 200 0
10 49 200 0
10 50 200 0
10 51 200 0
10 52 200 0
10 53 200 0
10 54 200 0
10 55 200 0
10 56 200 0
10 57 200 0
10 58 200 0
10 59 200 0
10 60 200 0
10 61 200 0
10 62 200 0
10 63 200 0
10 64 200 0
10 65 200 0
10 66 200 0
10 67 200 0
10 68 200 0
10 69 200 0
10 70 200 0
10 71 200 0
10 72 200 0
10 73 200 0
10 74 200 0
10 75 200 0
10 76 200 0
10 77 200 0
10 78 200 0
10 79 200 0
10 80 200 0
10 81 200 0
10 82 200 0
10 83 200 0
10 84 200 0
10 85 200 0
10 86 200 0
10 87 200 0
10 88 200 0
10 89 200 0
10 90 200 0
10 91 200 0
10 92 200 0
10 93 200 0
10 94 200 0
10 95 200 0
10 96 200 0
10 97 200 0
10 98 200 0
10 99 200 0
10 100 200 0
11 12 1 1
11 13 200 0
11 14 200 0
11 15 200 0
11 16 200 0
11 17 200 0
11 18 200 0
11 19 200 0
11 20 200 0
11 21 200 0
11 22 200 0
11 23 200 0
11 24 200 0
11 25 200 0
11 26 200 0
11 27 200 0
11 28 200 0
11 29 200 0
11 30 200 0
11 31 200 0
11 32 200 0
11 33 200 0
11 34 200 0
11 35 200 0
11 36 200 0
11 37 200 0
11 38 200 0
11 39 200 0
11 40 200 0
11 41 200 0
11 42 200 0
11 43 200 0
11 44 200 0
11 45 200 0
11 46 200 0
11 47 200 0
11 48 200 0
11 49 200 0
11 50 200 0
11 51 200 0
11 52 200 0
11 53 200 0
11 54 200 0
11 55 200 0
11 56 200 0
11 57 200 0
11 58 200 0
11 59 200 0
11 60 200 0
11 61 200 0
11 62 200 0
11 63 200 0
11 64 200 0
11 65 200 0
11 66 200 0
11 67 200 0
11 68 200 0
11 69 200 0
11 70 200 0
11 71 200 0
11 72 200 0
11 73 200 0
11 74 200 0
11 75 200 0
11 76 200 0
11 77 200 0
11 78 200 0
11 79 200 0
11 80 200 0
11 81 200 0
11 82 200 0
11 83 200 0
11 84 200 0
11 85 200 0
11 86 200 0
11 87 200 0
11 88 200 0
11 89 200 0
11 90 200 0
11 91 200 0
11 92 200 0
11 93 200 0
11 94 200 0
11 95 200 0
11 96 200 0
11 97 200 0
11 98 200 0
11 99 200 0
11 100 200 0
12 13 1 1
12 14 200 0
12 15 200 0
12 16 200 0
12 17 200 0
12 18 200 0
12 19 200 0
12 20 200 0
12 21 200 0
12 22 200 0
12 23 200 0
12 24 200 0
12 25 200 0
12 26 200 0
12 27 200 0
12 28 200 0
12 29 200 0
12 30 200 0
12 31 200 0
12 32 200 0
12 33 200 0
12 34 200 0
12 35 200 0
12 36 200 0
12 37 200 0
12 38 200 0
12 39 200 0
12 40 200 0
12 41 200 0
12 42 200 0
12 43 200 0
12 44 200 0
12 45 200 0
12 46 200 0
12 47 200 0
12 48 200 0
12 49 200 0
12 50 200 0
12 51 200 0
12 52 200 0
12 53 200 0
12 54 200 0
12 55 200 0
12 56 200 0
12 57 200 0
12 58 200 0
12 59 200 0
12 60 200 0
12 61 200 0
12 62 200 0
12 63 200 0
12 64 200 0
12 65 200 0
12 66 200 0
12 67 200 0
12 68 200 0
12 69 200 0
12 70 200 0
12 71 200 0
12 72 200 0
12 73 200 0
12 74 200 0
12 75 200 0
12 76 200 0
12 77 200 0
12 78 200 0
12 79 200 0
12 80 200 0
12 81 200 0
12 82 200 0
12 83 200 0
12 84 200 0
12 85 200 0
12 86 200 0
12 87 200 0
12 88 200 0
12 89 200 0
12 90 200 0
12 91 200 0
12 92 200 0
12 93 200 0
12 94 200 0
12 95 200 0
12 96 200 0
12 97 200 0
12 98 200 0
12 99 200 0
12 100 200 0
13 14 1 1
13 15 200 0
13 16 200 0
13 17 200 0
13 18 200 0
13 19 200 0
13 20 200 0
13 21 200 0
13 22 200 0
13 23 200 0
13 24 200 0
13 25 200 0
13 26 200 0
13 27 200 0
13 28 200 0
13 29 200 0
13 30 200 0
13 31 200 0
13 32 200 0
13 33 200 0
13 34 200 0
13 35 200 0
13 36 200 0
13 37 200 0
13 38 200 0
13 39 200 0
13 40 200 0
13 41 200 0
13 42 200 0
13 43 200 0
13 44 200 0
13 45 200 0
13 46 200 0
13 47 200 0
13 48 200 0
13 49 200 0
13 50 200 0
13 51 200 0
13 52 200 0
13 53 200 0
13 54 200 0
13 55 200 0
13 56 200 0
13 57 200 0
13 58 200 0
13 59 200 0
13 60 200 0
13 61 200 0
13 62 200 0
13 63 200 0
13 64 200 0
13 65 200 0
13 66 200 0
13 67 200 0
13 68 200 0
13 69 200 0
13 70 200 0
13 71 200 0
13 72 200 0
13 73 200 0
13 74 200 0
13 75 200 0
13 76 200 0
13 77 200 0
13 78 200 0
13 79 200 0
13 80 200 0
13 81 200 0
13 82 200 0
13 83 200 0
13 84 200 0
13 85 200 0
13 86 200 0
13 87 200 0
13 88 200 0
13 89 200 0
13 90 200 0
13 91 200 0
13 92 200 0
13 93 200 0
13 94 200 0
13 95 200 0
13 96 200 0
13 97 200 0
13 98 200 0
13 99 200 0
13 100 200 0
14 15 1 1
14 16 200 0
14 17 200 0
14 18 200 0
14 19 200 0
14 20 200 0
14 21 200 0
14 22 200 0
14 23 200 0
14 24 200 0
14 25 200 0
14 26 200 0
14 27 200 0
14 28 200 0
14 29 200 0
14 30 200 0
14 31 200 0
14 32 200 0
14 33 200 0
14 34 200 0
14 35 200 0
14 36 200 0
14 37 200 0
14 38 200 0
14 39 200 0
14 40 200 0
14 41 200 0
14 42 200 0
14 43 200 0
14 44 200 0
14 45 200 0
14 46 200 0
14 47 200 0
14 48 200 0
14 49 200 0
14 50 200 0
14 51 200 0
14 52 200 0
14 53 200 0
14 54 200 0
14 55 200 0
14 56 200 0
14 57 200 0
14 58 200 0
14 59 200 0
14 60 200 0
14 61 200 0
14 62 200 0
14 63 200 0
14 64 200 0
14 65 200 0
14 66 200 0
14 67 200 0
14 68 200 0
14 69 200 0
14 70 200 0
14 71 200 0
14 72 200 0
14 73 200 0
14 74 200 0
14 75 200 0
14 76 200 0
14 77 200 0
14 78 200 0
14 79 200 0
14 80 200 0
14 81 200 0
14 82 200 0
14 83 200 0
14 84 200 0
14 85 200 0
14 86 200 0
14 87 200 0
14 88 200 0
14 89 200 0
14 90 200 0
14 91 200 0
14 92 200 0
14 93 200 0
14 94 200 0
14 95 200 0
14 96 200 0
14 97 200 0
14 98 200 0
14 99 200 0
14 100 200 0
15 16 1 1
15 17 200 0
15 18 200 0
15 19 200 0
15 20 200 0
15 21 200 0
15 22 200 0
15 23 200 0
15 24 200 0
15 25 200 0
15 26 200 0
15 27 200 0
15 28 200 0
15 29 200 0
15 30 200 0
15 31 200 0
15 32 200 0
15 33 200 0
15 34 200 0
15 35 200 0
15 36 200 0
15 37 200 0
15 38 200 0
15 39 200 0
15 40 200 0
15 41 200 0
15 42 200 0
15 43 200 0
15 44 200 0
15 45 200 0
15 46 200 0
15 47 200 0
15 48 200 0
15 49 200 0
15 50 200 0
15 51 200 0
15 52 200 0
15 53 200 0
15 54 200 0
15 55 200 0
15 56 200 0
15 57 200 0
15 58 200 0
15 59 200 0
15 60 200 0
15 61 200 0
15 62 200 0
15 63 200 0
15 64 200 0
15 65 200 0
15 66 200 0
15 67 200 0
15 68 200 0
15 69 200 0
15 70 200 0
15 71 200 0
15 72 200 0
15 73 200 0
15 74 200 0
15 75 200 0
15 76 200 0
15 77 200 0
15 78 200 0
15 79 200 0
15 80 200 0
15 81 200 0
15 82 200 0
15 83 200 0
15 84 200 0
15 85 200 0
15 86 200 0
15 87 200 0
15 88 200 0
15 89 200 0
15 90 200 0
15 91 200 0
15 92 200 0
15 93 200 0
15 94 200 0
15 95 200 0
15 96 200 0
15 97 200 0
15 98 200 0
15 99 200 0
15 100 200 0
16 17 1 1
16 18 200 0
16 19 200 0
16 20 200 0
16 21 200 0
16 22 200 0
16 23 200 0
16 24 200 0
16 25 200 0
16 26 200 0
16 27 200 0
16 28 200 0
16 29 200 0
16 30 200 0
16 31 200 0
16 32 200 0
16 33 200 0
16 34 200 0
16 35 200 0
16 36 200 0
16 37 200 0
16 38 200 0
16 39 200 0
16 40 200 0
16 41 200 0
16 42 200 0
16 43 200 0
16 44 200 0
16 45 200 0
16 46 200 0
16 47 200 0
16 48 200 0
16 49 200 0
16 50 200 0
16 51 200 0
16 52 200 0
16 53 200 0
16 54 200 0
16 55 200 0
16 56 200 0
16 57 200 0
16 58 200 0
16 59 200 0
16 60 200 0
16 61 200 0
16 62 200 0
16 63 200 0
16 64 200 0
16 65 200 0
16 66 200 0
16 67 200 0
16 68 200 0
16 69 200 0
16 70 200 0
16 71 200 0
16 72 200 0
16 73 200 0
16 74 200 0
16 75 200 0
16 76 200 0
16 77 200 0
16 78 200 0
16 79 200 0
16 80 200 0
16 81 200 0
16 82 200 0
16 83 200 0
16 84 200 0
16 85 200 0
16 86 200 0
16 87 200 0
16 88 200 0
16 89 200 0
16 90 200 0
16 91 200 0
16 92 200 0
16 93 200 0
16 94 200 0
16 95 200 0
16 96 200 0
16 97 200 0
16 98 200 0
16 99 200 0
16 100 200 0
17 18 1 1
17 19 200 0
17 20 200 0
17 21 200 0
17 22 200 0
17 23 200 0
17 24 200 0
17 25 200 0
17 26 200 0
17 27 200 0
17 28 200 0
17 29 200 0
17 30 200 0
17 31 200 0
17 32 200 0
17 33 200 0
17 34 200 0
17 35 200 0
17 36 200 0
17 37 200 0
17 38 200 0
17 39 200 0
17 40 200 0
17 41 200 0
17 42 200 0
17 43 200 0
17 44 200 0
17 45 200 0
17 46 200 0
17 47 200 0
17 48 200 0
17 49 200 0
17 50 200 0
17 51 200 0
17 52 200 0
17 53 200 0
17 54 200 0
17 55 200 0
17 56 200 0
17 57 200 0
17 58 200 0
17 59 200 0
17 60 200 0
17 61 200 0
17 62 200 0
17 63 200 0
17 64 200 0
17 65 200 0
17 66 200 0
17 67 200 0
17 68 200 0
17 69 200 0
17 70 200 0
17 71 200 0
17 72 200 0
17 73 200 0
17 74 200 0
17 75 200 0
17 76 200 0
17 77 200 0
17 78 200 0
17 79 200 0
17 80 200 0
17 81 200 0
17 82 200 0
17 83 200 0
17 84 200 0
17 85 200 0
17 86 200 0
17 87 200 0
17 88 200 0
17 89 200 0
17 90 200 0
17 91 200 0
17 92 200 0
17 93 200 0
17 94 200 0
17 95 200 0
17 96 200 0
17 97 200 0
17 98 200 0
17 99 200 0
17 100 200 0
18 19 1 1
18 20 200 0
18 21 200 0
18 22 200 0
18 23 200 0
18 24 200 0
18 25 200 0
18 26 200 0
18 27 200 0
18 28 200 0
18 29 200 0
18 30 200 0
18 31 200 0
18 32 200 0
18 33 200 0
18 34 200 0
18 35 200 0
18 36 200 0
18 37 200 0
18 38 200 0
18 39 200 0
18 40 200 0
18 41 200 0
18 42 200 0
18 43 200 0
18 44 200 0
18 45 200 0
18 46 200 0
18 47 200 0
18 48 200 0
18 49 200 0
18 50 200 0
18 51 200 0
18 52 200 0
18 53 200 0
18 54 200 0
18 55 200 0
18 56 200 0
18 57 200 0
18 58 200 0
18 59 200 0
18 60 200 0
18 61 200 0
18 62 200 0
18 63 200 0
18 64 200 0
18 65 200 0
18 66 200 0
18 67 200 0
18 68 200 0
18 69 200 0
18 70 200 0
18 71 200 0
18 72 200 0
18 73 200 0
18 74 200 0
18 75 200 0
18 76 200 0
18 77 200 0
18 78 200 0
18 79 200 0
18 80 200 0
18 81 200 0
18 82 200 0
18 83 200 0
18 84 200 0
18 85 200 0
18 86 200 0
18 87 200 0
18 88 200 0
18 89 200 0
18 90 200 0
18 91 200 0
18 92 200 0
18 93 200 0
18 94 200 0
18 95 200 0
18 96 200 0
18 97 200 0
18 98 200 0
18 99 200 0
18 100 200 0
19 20 1 1
19 21 200 0
19 22 200 0
19 23 200 0
19 24 200 0
19 25 200 0
19 26 200 0
19 27 200 0
19 28 200 0
19 29 200 0
19 30 200 0
19 31 200 0
19 32 200 0
19 33 200 0
19 34 200 0
19 35 200 0
19 36 200 0
19 37 200 0
19 38 200 0
19 39 200 0
19 40 200 0
19 41 200 0
19 42 200 0
19 43 200 0
19 44 200 0
19 45 200 0
19 46 200 0
19 47 200 0
19 48 200 0
19 49 200 0
19 50 200 0
19 51 200 0
19 52 200 0
19 53 200 0
19 54 200 0
19 55 200 0
19 56 200 0
19 57 200 0
19 58 200 0
19 59 200 0
19 60 200 0
19 61 200 0
19 62 200 0
19 63 200 0
19 64 200 0
19 65 200 0
19 66 200 0
19 67 200 0
19 68 200 0
19 69 200 0
19 70 200 0
19 71 200 0
19 72 200 0
19 73 200 0
19 74 200 0
19 75 200 0
19 76 200 0
19 77 200 0
19 78 200 0
19 79 200 0
19 80 200 0
19 81 200 0
19 82 200 0
19 83 200 0
19 84 200 0
19 85 200 0
19 86 200 0
19 87 200 0
19 88 200 0
19 89 200 0
19 90 200 0
19 91 200 0
19 92 200 0
19 93 200 0
19 94 200 0
19 95 200 0
19 96 200 0
19 97 200 0
19 98 200 0
19 99 200 0
19 100 200 0
20 21 1 1
20 22 200 0
20 23 200 0
20 24 200 0
20 25 200 0
20 26 200 0
20 27 200 0
20 28 200 0
20 29 200 0
20 30 200 0
20 31 200 0
20 32 200 0
20 33 200 0
20 34 200 0
20 35 200 0
20 36 200 0
20 37 200 0
20 38 200 0
20 39 200 0
20 40 200 0
20 41 200 0
20 42 200 0
20 43 200 0
20 44 200 0
20 45 200 0
20 46 200 0
20 47 200 0
20 48 200 0
20 49 200 0
20 50 200 0
20 51 200 0
20 52 200 0
20 53 200 0
20 54 200 0
20 55 200 0
20 56 200 0
20 57 200 0
20 58 200 0
20 59 200 0
20 60 200 0
20 61 200 0
20 62 200 0
20 63 200 0
20 64 200 0
20 65 200 0
20 66 200 0
20 67 200 0
20 68 200 0
20 69 200 0
20 70 200 0
20 71 200 0
20 72 200 0
20 73 200 0
20 74 200 0
20 75 200 0
20 76 200 0
20 77 200 0
20 78 200 0
20 79 200 0
20 80 200 0
20 81 200 0
20 82 200 0
20 83 200 0
20 84 200 0
20 85 200 0
20 86 200 0
20 87 200 0
20 88 200 0
20 89 200 0
20 90 200 0
20 91 200 0
20 92 200 0
20 93 200 0
20 94 200 0
20 95 200 0
20 96 200 0
20 97 200 0
20 98 200 0
20 99 200 0
20 100 200 0
21 22 1 1
21 23 200 0
21 24 200 0
21 25 200 0
21 26 200 0
21 27 200 0
21 28 200 0
21 29 200 0
21 30 200 0
21 31 200 0
21 32 200 0
21 33 200 0
21 34 200 0
21 35 200 0
21 36 200 0
21 37 200 0
21 38 200 0
21 39 200 0
21 40 200 0
21 41 200 0
21 42 200 0
21 43 200 0
21 44 200 0
21 45 200 0
21 46 200 0
21 47 200 0
21 48 200 0
21 49 200 0
21 50 200 0
21 51 200 0
21 52 200 0
21 53 200 0
21 54 200 0
21 55 200 0
21 56 200 0
21 57 200 0
21 58 200 0
21 59 200 0
21 60 200 0
21 61 200 0
21 62 200 0
21 63 200 0
21 64 200 0
21 65 200 0
21 66 200 0
21 67 200 0
21 68 200 0
21 69 200 0
21 70 200 0
21 71 200 0
21 72 200 0
21 73 200 0
21 74 200 0
21 75 200 0
21 76 200 0
21 77 200 0
21 78 200 0
21 79 200 0
21 80 200 0
21 81 200 0
21 82 200 0
21 83 200 0
21 84 200 0
21 85 200 0
21 86 200 0
21 87 200 0
21 88 200 0
21 89 200 0
21 90 200 0
21 91 200 0
21 92 200 0
21 93 200 0
21 94 200 0
21 95 200 0
21 96 200 0
21 97 200 0
21 98 200 0
21 99 200 0
21 100 200 0
22 23 1 1
22 24 200 0
22 25 200 0
22 26 200 0
22 27 200 0
22 28 200 0
22 29 200 0
22 30 200 0
22 31 200 0
22 32 200 0
22 33 200 0
22 34 200 0
22 35 200 0
22 36 200 0
22 37 200 0
22 38 200 0
22 39 200 0
22 40 200 0
22 41 200 0
22 42 200 0
22 43 200 0
22 44 200 0
22 45 200 0
22 46 200 0
22 47 200 0
22 48 200 0
22 49 200 0
22 50 200 0
22 51 200 0
22 52 200 0
22 53 200 0
22 54 200 0
22 55 200 0
22 56 200 0
22 57 200 0
22 58 200 0
22 59 200 0
22 60 200 0
22 61 200 0
22 62 200 0
22 63 200 0
22 64 200 0
22 65 200 0
22 66 200 0
22 67 200 0
22 68 200 0
22 69 200 0
22 70 200 0
22 71 200 0
22 72 200 0
22 73 200 0
22 74 200 0
22 75 200 0
22 76 200 0
22 77 200 0
22 78 200 0
22 79 200 0
22 80 200 0
22 81 200 0
22 82 200 0
22 83 200 0
22 84 200 0
22 85 200 0
22 86 200 0
22 87 200 0
22 88 200 0
22 89 200 0
22 90 200 0
22 91 200 0
22 92 200 0
22 93 200 0
22 94 200 0
22 95 200 0
22 96 200 0
22 97 200 0
22 98 200 0
22 99 200 0
22 100 200 0
23 24 1 1
23 25 200 0
23 26 200 0
23 27 200 0
23 28 200 0
23 29 200 0
23 30 200 0
23 31 200 0
23 32 200 0
23 33 200 0
23 34 200 0
23 35 200 0
23 36 200 0
23 37 200 0
23 38 200 0
23 39 200 0
23 40 200 0
23 41 200 0
23 42 200 0
23 43 200 0
23 44 200 0
23 45 200 0
23 46 200 0
23 47 200 0
23 48 200 0
23 49 200 0
23 50 200 0
23 51 200 0
23 52 200 0
23 53 200 0
23 54 200 0
23 55 200 0
23 56 200 0
23 57 200 0
23 58 200 0
23 59 200 0
23 60 200 0
23 61 200 0
23 62 200 0
23 63 200 0
23 64 200 0
23 65 200 0
23 66 200 0
23 67 200 0
23 68 200 0
23 69 200 0
23 70 200 0
23 71 200 0
23 72 200 0
23 73 200 0
23 74 200 0
23 75 200 0
23 76 200 0
23 77 200 0
23 78 200 0
23 79 200 0
23 80 200 0
23 81 200 0
23 82 200 0
23 83 200 0
23 84 200 0
23 85 200 0
23 86 200 0
23 87 200 0
23 88 200 0
23 89 200 0
23 90 200 0
23 91 200 0
23 92 200 0
23 93 200 0
23 94 200 0
23 95 200 0
23 96 200 0
23 97 200 0
23 98 200 0
23 99 200 0
23 100 200 0
24 25 1 1
24 26 200 0
24 27 200 0
24 28 200 0
24 29 200 0
24 30 200 0
24 31 200 0
24 32 200 0
24 33 200 0
24 34 200 0
24 35 200 0
24 36 200 0
24 37 200 0
24 38 200 0
24 39 200 0
24 40 200 0
24 41 200 0
24 42 200 0
24 43 200 0
24 44 200 0
24 45 200 0
24 46 200 0
24 47 200 0
24 48 200 0
24 49 200 0
24 50 200 0
24 51 200 0
24 52 200 0
24 53 200 0
24 54 200 0
24 55 200 0
24 56 200 0
24 57 200 0
24 58 200 0
24 59 200 0
24 60 200 0
24 61 200 0
24 62 200 0
24 63 200 0
24 64 200 0
24 65 200 0
24 66 200 0
24 67 200 0
24 68 200 0
24 69 200 0
24 70 200 0
24 71 200 0
24 72 200 0
24 73 200 0
24 74 200 0
24 75 200 0
24 76 200 0
24 77 200 0
24 78 200 0
24 79 200 0
24 80 200 0
24 81 200 0
24 82 200 0
24 83 200 0
24 84 200 0
24 85 200 0
24 86 200 0
24 87 200 0
24 88 200 0
24 89 200 0
24 90 200 0
24 91 200 0
24 92 200 0
24 93 200 0
24 94 200 0
24 95 200 0
24 96 200 0
24 97 200 0
24 98 200 0
24 99 200 0
24 100 200 0
25 26 1 1
25 27 200 0
25 28 200 0
25 29 200 0
25 30 200 0
25 31 200 0
25 32 200 0
25 33 200 0
25 34 200 0
25 35 200 0
25 36 200 0
25 37 200 0
25 38 200 0
25 39 200 0
25 40 200 0
25 41 200 0
25 42 200 0
25 43 200 0
25 44 200 0
25 45 200 0
25 46 200 0
25 47 200 0
25 48 200 0
25 49 200 0
25 50 200 0
25 51 200 0
25 52 200 0
25 53 200 0
25 54 200 0
25 55 200 0
25 56 200 0
25 57 200 0
25 58 200 0
25 59 200 0
25 60 200 0
25 61 200 0
25 62 200 0
25 63 200 0
25 64 200 0
25 65 200 0
25 66 200 0
25 67 200 0
25 68 200 0
25 69 200 0
25 70 200 0
25 71 200 0
25 72 200 0
25 73 200 0
25 74 200 0
25 75 200 0
25 76 200 0
25 77 200 0
25 78 200 0
25 79 200 0
25 80 200 0
25 81 200 0
25 82 200 0
25 83 200 0
25 84 200 0
25 85 200 0
25 86 200 0
25 87 200 0
25 88 200 0
25 89 200 0
25 90 200 0
25 91 200 0
25 92 200 0
25 93 200 0
25 94 200 0
25 95 200 0
25 96 200 0
25 97 200 0
25 98 200 0
25 99 200 0
25 100 200 0
26 27 1 1
26 28 200 0
26 29 200 0
26 30 200 0
26 31 200 0
26 32 200 0
26 33 200 0
26 34 200 0
26 35 200 0
26 36 200 0
26 37 200 0
26 38 200 0
26 39 200 0
26 40 200 0
26 41 200 0
26 42 200 0
26 43 200 0
26 44 200 0
26 45 200 0
26 46 200 0
26 47 200 0
26 48 200 0
26 49 200 0
26 50 200 0
26 51 200 0
26 52 200 0
26 53 200 0
26 54 200 0
26 55 200 0
26 56 200 0
26 57 200 0
26 58 200 0
26 59 200 0
26 60 200 0
26 61 200 0
26 62 200 0
26 63 200 0
26 64 200 0
26 65 200 0
26 66 200 0
26 67 200 0
26 68 200 0
26 69 200 0
26 70 200 0
26 71 200 0
26 72 200 0
26 73 200 0
26 74 200 0
26 75 200 0
26 76 200 0
26 77 200 0
26 78 200 0
26 79 200 0
26 80 200 0
26 81 200 0
26 82 200 0
26 83 200 0
26 84 200 0
26 85 200 0
26 86 200 0
26 87 200 0
26 88 200 0
26 89 200 0
26 90 200 0
26 91 200 0
26 92 200 0
26 93 200 0
26 94 200 0
26 95 200 0
26 96 200 0
26 97 200 0
26 98 200 0
26 99 200 0
26 100 200 0
27 28 1 1
27 29 200 0
27 30 200 0
27 31 200 0
27 32 200 0
27 33 200 0
27 34 200 0
27 35 200 0
27 36 200 0
27 37 200 0
27 38 200 0
27 39 200 0
27 40 200 0
27 41 200 0
27 42 200 0
27 43 200 0
27 44 200 0
27 45 200 0
27 46 200 0
27 47 200 0
27 48 200 0
27 49 200 0
27 50 200 0
27 51 200 0
27 52 200 0
27 53 200 0
27 54 200 0
27 55 200 0
27 56 200 0
27 57 200 0
27 58 200 0
27 59 200 0
27 60 200 0
27 61 200 0
27 62 200 0
27 63 200 0
27 64 200 0
27 65 200 0
27 66 200 0
27 67 200 0
27 68 200 0
27 69 200 0
27 70 200 0
27 71 200 0
27 72 200 0
27 73 200 0
27 74 200 0
27 75 200 0
27 76 200 0
27 77 200 0
27 78 200 0
27 79 200 0
27 80 200 0
27 81 200 0
27 82 200 0
27 83 200 0
27 84 200 0
27 85 200 0
27 86 200 0
27 87 200 0
27 88 200 0
27 89 200 0
27 90 200 0
27 91 200 0
27 92 200 0
27 93 200 0
27 94 200 0
27 95 200 0
27 96 200 0
27 97 200 0
27 98 200 0
27 99 200 0
27 100 200 0
28 29 1 1
28 30 200 0
28 31 200 0
28 32 200 0
28 33 200 0
28 34 200 0
28 35 200 0
28 36 200 0
28 37 200 0
28 38 200 0
28 39 200 0
28 40 200 0
28 41 200 0
28 42 200 0
28 43 200 0
28 44 200 0
28 45 200 0
28 46 200 0
28 47 200 0
28 48 200 0
28 49 200 0
28 50 200 0
28 51 200 0
28 52 200 0
28 53 200 0
28 54 200 0
28 55 200 0
28 56 200 0
28 57 200 0
28 58 200 0
28 59 200 0
28 60 200 0
28 61 200 0
28 62 200 0
28 63 200 0
28 64 200 0
28 65 200 0
28 66 200 0
28 67 200 0
28 68 200 0
28 69 200 0
28 70 200 0
28 71 200 0
28 72 200 0
28 73 200 0
28 74 200 0
28 75 200 0
28 76 200 0
28 77 200 0
28 78 200 0
28 79 200 0
28 80 200 0
28 81 200 0
28 82 200 0
28 83 200 0
28 84 200 0
28 85 200 0
28 86 200 0
28 87 200 0
28 88 200 0
28 89 200 0
28 90 200 0
28 91 200 0
28 92 200 0
28 93 200 0
28 94 200 0
28 95 200 0
28 96 200 0
28 97 200 0
28 98 200 0
28 99 200 0
28 100 200 0
29 30 1 1
29 31 200 0
29 32 200 0
29 33 200 0
29 34 200 0
29 35 200 0
29 36 200 0
29 37 200 0
29 38 200 0
29 39 200 0
29 40 200 0
29 41 200 0
29 42 200 0
29 43 200 0
29 44 200 0
29 45 200 0
29 46 200 0
29 47 200 0
29 48 200 0
29 49 200 0
29 50 200 0
29 51 200 0
29 52 200 0
29 53 200 0
29 54 200 0
29 55 200 0
29 56 200 0
29 57 200 0
29 58 200 0
29 59 200 0
29 60 200 0
29 61 200 0
29 62 200 0
29 63 200 0
29 64 200 0
29 65 200 0
29 66 200 0
29 67 200 0
29 68 200 0
29 69 200 0
29 70 200 0
29 71 200 0
29 72 200 0
29 73 200 0
29 74 200 0
29 75 200 0
29 76 200 0
29 77 200 0
29 78 200 0
29 79 200 0
29 80 200 0
29 81 200 0
29 82 200 0
29 83 200 0
29 84 200 0
29 85 200 0
29 86 200 0
29 87 200 0
29 88 200 0
29 89 200 0
29 90 200 0
29 91 200 0
29 92 200 0
29 93 200 0
29 94 200 0
29 95 200 0
29 96 200 0
29 97 200 0
29 98 200 0
29 99 200 0
29 100 200 0
30 31 1 1
30 32 200 0
30 33 200 0
30 34 200 0
30 35 200 0
30 36 200 0
30 37 200 0
30 38 200 0
30 39 200 0
30 40 200 0
30 41 200 0
30 42 200 0
30 43 200 0
30 44 200 0
30 45 200 0
30 46 200 0
30 47 200 0
30 48 200 0
30 49 200 0
30 50 200 0
30 51 200 0
30 52 200 0
30 53 200 0
30 54 200 0
30 55 200 0
30 56 200 0
30 57 200 0
30 58 200 0
30 59 200 0
30 60 200 0
30 61 200 0
30 62 200 0
30 63 200 0
30 64 200 0
30 65 200 0
30 66 200 0
30 67 200 0
30 68 200 0
30 69 200 0
30 70 200 0
30 71 200 0
30 72 200 0
30 73 200 0
30 74 200 0
30 75 200 0
30 76 200 0
30 77 200 0
30 78 200 0
30 79 200 0
30 80 200 0
30 81 200 0
30 82 200 0
30 83 200 0
30 84 200 0
30 85 200 0
30 86 200 0
30 87 200 0
30 88 200 0
30 89 200 0
30 90 200 0
30 91 200 0
30 92 200 0
30 93 200 0
30 94 200 0
30 95 200 0
30 96 200 0
30 97 200 0
30 98 200 0
30 99 200 0
30 100 200 0
31 32 1 1
31 33 200 0
31 34 200 0
31 35 200 0
31 36 200 0
31 37 200 0
31 38 200 0
31 39 200 0
31 40 200 0
31 41 200 0
31 42 200 0
31 43 200 0
31 44 200 0
31 45 200 0
31 46 200 0
31 47 200 0
31 48 200 0
31 49 200 0
31 50 200 0
31 51 200 0
31 52 200 0
31 53 200 0
31 54 200 0
31 55 200 0
31 56 200 0
31 57 200 0
31 58 200 0
31 59 200 0
31 60 200 0
31 61 200 0
31 62 200 0
31 63 200 0
31 64 200 0
31 65 200 0
31 66 200 0
31 67 200 0
31 68 200 0
31 69 200 0
31 70 200 0
31 71 200 0
31 72 200 0
31 73 200 0
31 74 200 0
31 75 200 0
31 76 200 0
31 77 200 0
31 78 200 0
31 79 200 0
31 80 200 0
31 81 200 0
31 82 200 0
31 83 200 0
31 84 200 0
31 85 200 0
31 86 200 0
31 87 200 0
31 88 200 0
31 89 200 0
31 90 200 0
31 91 200 0
31 92 200 0
31 93 200 0
31 94 200 0
31 95 200 0
31 96 200 0
31 97 200 0
31 98 200 0
31 99 200 0
31 100 200 0
32 33 1 1
32 34 200 0
32 35 200 0
32 36 200 0
32 37 200 0
32 38 200 0
32 39 200 0
32 40 200 0
32 41 200 0
32 42 200 0
32 43 200 0
32 44 200 0
32 45 200 0
32 46 200 0
32 47 200 0
32 48 200 0
32 49 200 0
32 50 200 0
32 51 200 0
32 52 200 0
32 53 200 0
32 54 200 0
32 55 200 0
32 56 200 0
32 57 200 0
32 58 200 0
32 59 200 0
32 60 200 0
32 61 200 0
32 62 200 0
32 63 200 0
32 64 200 0
32 65 200 0
32 66 200 0
32 67 200 0
32 68 200 0
32 69 200 0
32 70 200 0
32 71 200 0
32 72 200 0
32 73 200 0
32 74 200 0
32 75 200 0
32 76 200 0
32 77 200 0
32 78 200 0
32 79 200 0
32 80 200 0
32 81 200 0
32 82 200 0
32 83 200 0
32 84 200 0
32 85 200 0
32 86 200 0
32 87 200 0
32 88 200 0
32 89 200 0
32 90 200 0
32 91 200 0
32 92 200 0
32 93 200 0
32 94 200 0
32 95 200 0
32 96 200 0
32 97 200 0
32 98 200 0
32 99 200 0
32 100 200 0
33 34 1 1
33 35 200 0
33 36 200 0
33 37 200 0
33 38 200 0
33 39 200 0
33 40 200 0
33 41 200 0
33 42 200 0
33 43 200 0
33 44 200 0
33 45 200 0
33 46 200 0
33 47 200 0
33 48 200 0
33 49 200 0
33 50 200 0
33 51 200 0
33 52 200 0
33 53 200 0
33 54 200 0
33 55 200 0
33 56 200 0
33 57 200 0
33 58 200 0
33 59 200 0
33 60 200 0
33 61 200 0
33 62 200 0
33 63 200 0
33 64 200 0
33 65 200 0
33 66 200 0
33 67 200 0
33 68 200 0
33 69 200 0
33 70 200 0
33 71 200 0
33 72 200 0
33 73 200 0
33 74 200 0
33 75 200 0
33 76 200 0
33 77 200 0
33 78 200 0
33 79 200 0
33 80 200 0
33 81 200 0
33 82 200 0
33 83 200 0
33 84 200 0
33 85 200 0
33 86 200 0
33 87 200 0
33 88 200 0
33 89 200 0
33 90 200 0
33 91 200 0
33 92 200 0
33 93 200 0
33 94 200 0
33 95 200 0
33 96 200 0
33 97 200 0
33 98 200 0
33 99 200 0
33 100 200 0
34 35 1 1
34 36 200 0
34 37 200 0
34 38 200 0
34 39 200 0
34 40 200 0
34 41 200 0
34 42 200 0
34 43 200 0
34 44 200 0
34 45 200 0
34 46 200 0
34 47 200 0
34 48 200 0
34 49 200 0
34 50 200 0
34 51 200 0
34 52 200 0
34 53 200 0
34 54 200 0
34 55 200 0
34 56 200 0
34 57 200 0
34 58 200 0
34 59 200 0
34 60 200 0
34 61 200 0
34 62 200 0
34 63 200 0
34 64 200 0
34 65 200 0
34 66 200 0
34 67 200 0
34 68 200 0
34 69 200 0
34 70 200 0
34 71 200 0
34 72 200 0
34 73 200 0
34 74 200 0
34 75 200 0
34 76 200 0
34 77 200 0
34 78 200 0
34 79 200 0
34 80 200 0
34 81 200 0
34 82 200 0
34 83 200 0
34 84 200 0
34 85 200 0
34 86 200 0
34 87 200 0
34 88 200 0
34 89 200 0
34 90 200 0
34 91 200 0
34 92 200 0
34 93 200 0
34 94 200 0
34 95 200 0
34 96 200 0
34 97 200 0
34 98 200 0
34 99 200 0
34 100 200 0
35 36 1 1
35 37 200 0
35 38 200 0
35 39 200 0
35 40 200 0
35 41 200 0
35 42 200 0
35 43 200 0
35 44 200 0
35 45 200 0
35 46 200 0
35 47 200 0
35 48 200 0
35 49 200 0
35 50 200 0
35 51 200 0
35 52 200 0
35 53 200 0
35 54 200 0
35 55 200 0
35 56 200 0
35 57 200 0
35 58 200 0
35 59 200 0
35 60 200 0
35 61 200 0
35 62 200 0
35 63 200 0
35 64 200 0
35 65 200 0
35 66 200 0
35 67 200 0
35 68 200 0
35 69 200 0
35 70 200 0
35 71 200 0
35 72 200 0
35 73 200 0
35 74 200 0
35 75 200 0
35 76 200 0
35 77 200 0
35 78 200 0
35 79 200 0
35 80 200 0
35 81 200 0
35 82 200 0
35 83 200 0
35 84 200 0
35 85 200 0
35 86 200 0
35 87 200 0
35 88 200 0
35 89 200 0
35 90 200 0
35 91 200 0
35 92 200 0
35 93 200 0
35 94 200 0
35 95 200 0
35 96 200 0
35 97 200 0
35 98 200 0
35 99 200 0
35 100 200 0
36 37 1 1
36 38 200 0
36 39 200 0
36 40 200 0
36 41 200 0
36 42 200 0
36 43 200 0
36 44 200 0
36 45 200 0
36 46 200 0
36 47 200 0
36 48 200 0
36 49 200 0
36 50 200 0
36 51 200 0
36 52 200 0
36 53 200 0
36 54 200 0
36 55 200 0
36 56 200 0
36 57 200 0
36 58 200 0
36 59 200 0
36 60 200 0
36 61 200 0
36 62 200 0
36 63 200 0
36 64 200 0
36 65 200 0
36 66 200 0
36 67 200 0
36 68 200 0
36 69 200 0
36 70 200 0
36 71 200 0
36 72 200 0
36 73 200 0
36 74 200 0
36 75 200 0
36 76 200 0
36 77 200 0
36 78 200 0
36 79 200 0
36 80 200 0
36 81 200 0
36 82 200 0
36 83 200 0
36 84 200 0
36 85 200 0
36 86 200 0
36 87 200 0
36 88 200 0
36 89 200 0
36 90 200 0
36 91 200 0
36 92 200 0
36 93 200 0
36 94 200 0
36 95 200 0
36 96 200 0
36 97 200 0
36 98 200 0
36 99 200 0
36 100 200 0
37 38 1 1
37 39 200 0
37 40 200 0
37 41 200 0
37 42 200 0
37 43 200 0
37 44 200 0
37 45 200 0
37 46 200 0
37 47 200 0
37 48 200 0
37 49 200 0
37 50 200 0
37 51 200 0
37 52 200 0
37 53 200 0
37 54 200 0
37 55 200 0
37 56 200 0
37 57 200 0
37 58 200 0
37 59 200 0
37 60 200 0
37 61 200 0
37 62 200 0
37 63 200 0
37 64 200 0
37 65 200 0
37 66 200 0
37 67 200 0
37 68 200 0
37 69 200 0
37 70 200 0
37 71 200 0
37 72 200 0
37 73 200 0
37 74 200 0
37 75 200 0
37 76 200 0
37 77 200 0
37 78 200 0
37 79 200 0
37 80 200 0
37 81 200 0
37 82 200 0
37 83 200 0
37 84 200 0
37 85 200 0
37 86 200 0
37 87 200 0
37 88 200 0
37 89 200 0
37 90 200 0
37 91 200 0
37 92 200 0
37 93 200 0
37 94 200 0
37 95 200 0
37 96 200 0
37 97 200 0
37 98 200 0
37 99 200 0
37 100 200 0
38 39 1 1
38 40 200 0
38 41 200 0
38 42 200 0
38 43 200 0
38 44 200 0
38 45 200 0
38 46 200 0
38 47 200 0
38 48 200 0
38 49 200 0
38 50 200 0
38 51 200 0
38 52 200 0
38 53 200 0
38 54 200 0
38 55 200 0
38 56 200 0
38 57 200 0
38 58 200 0
38 59 200 0
38 60 200 0
38 61 200 0
38 62 200 0
38 63 200 0
38 64 200 0
38 65 200 0
38 66 200 0
38 67 200 0
38 68 200 0
38 69 200 0
38 70 200 0
38 71 200 0
38 72 200 0
38 73 200 0
38 74 200 0
38 75 200 0
38 76 200 0
38 77 200 0
38 78 200 0
38 79 200 0
38 80 200 0
38 81 200 0
38 82 200 0
38 83 200 0
38 84 200 0
38 85 200 0
38 86 200 0
38 87 200 0
38 88 200 0
38 89 200 0
38 90 200 0
38 91 200 0
38 92 200 0
38 93 200 0
38 94 200 0
38 95 200 0
38 96 200 0
38 97 200 0
38 98 200 0
38 99 200 0
38 100 200 0
39 40 1 1
39 41 200 0
39 42 200 0
39 43 200 0
39 44 200 0
39 45 200 0
39 46 200 0
39 47 200 0
39 48 200 0
39 49 200 0
39 50 200 0
39 51 200 0
39 52 200 0
39 53 200 0
39 54 200 0
39 55 200 0
39 56 200 0
39 57 200 0
39 58 200 0
39 59 200 0
39 60 200 0
39 61 200 0
39 62 200 0
39 63 200 0
39 64 200 0
39 65 200 0
39 66 200 0
39 67 200 0
39 68 200 0
39 69 200 0
39 70 200 0
39 71 200 0
39 72 200 0
39 73 200 0
39 74 200 0
39 75 200 0
39 76 200 0
39 77 200 0
39 78 200 0
39 79 200 0
39 80 200 0
39 81 200 0
39 82 200 0
39 83 200 0
39 84 200 0
39 85 200 0
39 86 200 0
39 87 200 0
39 88 200 0
39 89 200 0
39 90 200 0
39 91 200 0
39 92 200 0
39 93 200 0
39 94 200 0
39 95 200 0
39 96 200 0
39 97 200 0
39 98 200 0
39 99 200 0
39 100 200 0
40 41 1 1
40 42 200 0
40 43 200 0
40 44 200 0
40 45 200 0
40 46 200 0
40 47 200 0
40 48 200 0
40 49 200 0
40 50 200 0
40 51 200 0
40 52 200 0
40 53 200 0
40 54 200 0
40 55 200 0
40 56 200 0
40 57 200 0
40 58 200 0
40 59 200 0
40 60 200 0
40 61 200 0
40 62 200 0
40 63 200 0
40 64 200 0
40 65 200 0
40 66 200 0
40 67 200 0
40 68 200 0
40 69 200 0
40 70 200 0
40 71 200 0
40 72 200 0
40 73 200 0
40 74 200 0
40 75 200 0
40 76 200 0
40 77 200 0
40 78 200 0
40 79 200 0
40 80 200 0
40 81 200 0
40 82 200 0
40 83 200 0
40 84 200 0
40 85 200 0
40 86 200 0
40 87 200 0
40 88 200 0
40 89 200 0
40 90 200 0
40 91 200 0
40 92 200 0
40 93 200 0
40 94 200 0
40 95 200 0
40 96 200 0
40 97 200 0
40 98 200 0
40 99 200 0
40 100 200 0
41 42 1 1
41 43 200 0
41 44 200 0
41 45 200 0
41 46 200 0
41 47 200 0
41 48 200 0
41 49 200 0
41 50 200 0
41 51 200 0
41 52 200 0
41 53 200 0
41 54 200 0
41 55 200 0
41 56 200 0
41 57 200 0
41 58 200 0
41 59 200 0
41 60 200 0
41 61 200 0
41 62 200 0
41 63 200 0
41 64 200 0
41 65 200 0
41 66 200 0
41 67 200 0
41 68 200 0
41 69 200 0
41 70 200 0
41 71 200 0
41 72 200 0
41 73 200 0
41 74 200 0
41 75 200 0
41 76 200 0
41 77 200 0
41 78 200 0
41 79 200 0
41 80 200 0
41 81 200 0
41 82 200 0
41 83 200 0
41 84 200 0
41 85 200 0
41 86 200 0
41 87 200 0
41 88 200 0
41 89 200 0
41 90 200 0
41 91 200 0
41 92 200 0
41 93 200 0
41 94 200 0
41 95 200 0
41 96 200 0
41 97 200 0
41 98 200 0
41 99 200 0
41 100 200 0
42 43 1 1
42 44 200 0
42 45 200 0
42 46 200 0
42 47 200 0
42 48 200 0
42 49 200 0
42 50 200 0
42 51 200 0
42 52 200 0
42 53 200 0
42 54 200 0
42 55 200 0
42 56 200 0
42 57 200 0
42 58 200 0
42 59 200 0
42 60 200 0
42 61 200 0
42 62 200 0
42 63 200 0
42 64 200 0
42 65 200 0
42 66 200 0
42 67 200 0
42 68 200 0
42 69 200 0
42 70 200 0
42 71 200 0
42 72 200 0
42 73 200 0
42 74 200 0
42 75 200 0
42 76 200 0
42 77 200 0
42 78 200 0
42 79 200 0
42 80 200 0
42 81 200 0
42 82 200 0
42 83 200 0
42 84 200 0
42 85 200 0
42 86 200 0
42 87 200 0
42 88 200 0
42 89 200 0
42 90 200 0
42 91 200 0
42 92 200 0
42 93 200 0
42 94 200 0
42 95 200 0
42 96 200 0
42 97 200 0
42 98 200 0
42 99 200 0
42 100 200 0
43 44 1 1
43 45 200 0
43 46 200 0
43 47 200 0
43 48 200 0
43 49 200 0
43 50 200 0
43 51 200 0
43 52 200 0
43 53 200 0
43 54 200 0
43 55 200 0
43 56 200 0
43 57 200 0
43 58 200 0
43 59 200 0
43 60 200 0
43 61 200 0
43 62 200 0
43 63 200 0
43 64 200 0
43 65 200 0
43 66 200 0
43 67 200 0
43 68 200 0
43 69 200 0
43 70 200 0
43 71 200 0
43 72 200 0
43 73 200 0
43 74 200 0
43 75 200 0
43 76 200 0
43 77 200 0
43 78 200 0
43 79 200 0
43 80 200 0
43 81 200 0
43 82 200 0
43 83 200 0
43 84 200 0
43 85 200 0
43 86 200 0
43 87 200 0
43 88 200 0
43 89 200 0
43 90 200 0
43 91 200 0
43 92 200 0
43 93 200 0
43 94 200 0
43 95 200 0
43 96 200 0
43 97 200 0
43 98 200 0
43 99 200 0
43 100 200 0
44 45 1 1
44 46 200 0
44 47 200 0
44 48 200 0
44 49 200 0
44 50 200 0
44 51 200 0
44 52 200 0
44 53 200 0
44 54 200 0
44 55 200 0
44 56 200 0
44 57 200 0
44 58 200 0
44 59 200 0
44 60 200 0
44 61 200 0
44 62 200 0
44 63 200 0
44 64 200 0
44 65 200 0
44 66 200 0
44 67 200 0
44 68 200 0
44 69 200 0
44 70 200 0
44 71 200 0
44 72 200 0
44 73 200 0
44 74 200 0
44 75 200 0
44 76 200 0
44 77 200 0
44 78 200 0
44 79 200 0
44 80 200 0
44 81 200 0
44 82 200 0
44 83 200 0
44 84 200 0
44 85 200 0
44 86 200 0
44 87 200 0
44 88 200 0
44 89 200 0
44 90 200 0
44 91 200 0
44 92 200 0
44 93 200 0
44 94 200 0
44 95 200 0
44 96 200 0
44 97 200 0
44 98 200 0
44 99 200 0
44 100 200 0
45 46 1 1
45 47 200 0
45 48 200 0
45 49 200 0
45 50 200 0
45 51 200 0
45 52 200 0
45 53 200 0
45 54 200 0
45 55 200 0
45 56 200 0
45 57 200 0
45 58 200 0
45 59 200 0
45 60 200 0
45 61 200 0
45 62 200 0
45 63 200 0
45 64 200 0
45 65 200 0
45 66 200 0
45 67 200 0
45 68 200 0
45 69 200 0
45 70 200 0
45 71 200 0
45 72 200 0
45 73 200 0
45 74 200 0
45 75 200 0
45 76 200 0
45 77 200 0
45 78 200 0
45 79 200 0
45 80 200 0
45 81 200 0
45 82 200 0
45 83 200 0
45 84 200 0
45 85 200 0
45 86 200 0
45 87 200 0
45 88 200 0
45 89 200 0
45 90 200 0
45 91 200 0
45 92 200 0
45 93 200 0
45 94 200 0
45 95 200 0
45 96 200 0
45 97 200 0
45 98 200 0
45 99 200 0
45 100 200 0
46 47 1 1
46 48 200 0
46 49 200 0
46 50 200 0
46 51 200 0
46 52 200 0
46 53 200 0
46 54 200 0
46 55 200 0
46 56 200 0
46 57 200 0
46 58 200 0
46 59 200 0
46 60 200 0
46 61 200 0
46 62 200 0
46 63 200 0
46 64 200 0
46 65 200 0
46 66 200 0
46 67 200 0
46 68 200 0
46 69 200 0
46 70 200 0
46 71 200 0
46 72 200 0
46 73 200 0
46 74 200 0
46 75 200 0
46 76 200 0
46 77 200 0
46 78 200 0
46 79 200 0
46 80 200 0
46 81 200 0
46 82 200 0
46 83 200 0
46 84 200 0
46 85 200 0
46 86 200 0
46 87 200 0
46 88 200 0
46 89 200 0
46 90 200 0
46 91 200 0
46 92 200 0
46 93 200 0
46 94 200 0
46 95 200 0
46 96 200 0
46 97 200 0
46 98 200 0
46 99 200 0
46 100 200 0
47 48 1 1
47 49 200 0
47 50 200 0
47 51 200 0
47 52 200 0
47 53 200 0
47 54 200 0
47 55 200 0
47 56 200 0
47 57 200 0
47 58 200 0
47 59 200 0
47 60 200 0
47 61 200 0
47 62 200 0
47 63 200 0
47 64 200 0
47 65 200 0
47 66 200 0
47 67 200 0
47 68 200 0
47 69 200 0
47 70 200 0
47 71 200 0
47 72 200 0
47 73 200 0
47 74 200 0
47 75 200 0
47 76 200 0
47 77 200 0
47 78 200 0
47 79 200 0
47 80 200 0
47 81 200 0
47 82 200 0
47 83 200 0
47 84 200 0
47 85 200 0
47 86 200 0
47 87 200 0
47 88 200 0
47 89 200 0
47 90 200 0
47 91 200 0
47 92 200 0
47 93 200 0
47 94 200 0
47 95 200 0
47 96 200 0
47 97 200 0
47 98 200 0
47 99 200 0
47 100 200 0
48 49 1 1
48 50 200 0
48 51 200 0
48 52 200 0
48 53 200 0
48 54 200 0
48 55 200 0
48 56 200 0
48 57 200 0
48 58 200 0
48 59 200 0
48 60 200 0
48 61 200 0
48 62 200 0
48 63 200 0
48 64 200 0
48 65 200 0
48 66 200 0
48 67 200 0
48 68 200 0
48 69 200 0
48 70 200 0
48 71 200 0
48 72 200 0
48 73 200 0
48 74 200 0
48 75 200 0
48 76 200 0
48 77 200 0
48 78 200 0
48 79 200 0
48 80 200 0
48 81 200 0
48 82 200 0
48 83 200 0
48 84 200 0
48 85 200 0
48 86 200 0
48 87 200 0
48 88 200 0
48 89 200 0
48 90 200 0
48 91 200 0
48 92 200 0
48 93 200 0
48 94 200 0
48 95 200 0
48 96 200 0
48 97 200 0
48 98 200 0
48 99 200 0
48 100 200 0
49 50 1 1
49 51 200 0
49 52 200 0
49 53 200 0
49 54 200 0
49 55 200 0
49 56 200 0
49 57 200 0
49 58 200 0
49 59 200 0
49 60 200 0
49 61 200 0
49 62 200 0
49 63 200 0
49 64 200 0
49 65 200 0
49 66 200 0
49 67 200 0
49 68 200 0
49 69 200 0
49 70 200 0
49 71 200 0
49 72 200 0
49 73 200 0
49 74 200 0
49 75 200 0
49 76 200 0
49 77 200 0
49 78 200 0
49 79 200 0
49 80 200 0
49 81 200 0
49 82 200 0
49 83 200 0
49 84 200 0
49 85 200 0
49 86 200 0
49 87 200 0
49 88 200 0
49 89 200 0
49 90 200 0
49 91 200 0
49 92 200 0
49 93 200 0
49 94 200 0
49 95 200 0
49 96 200 0
49 97 200 0
49 98 200 0
49 99 200 0
49 100 200 0
50 51 1 1
50 52 200 0
50 53 200 0
50 54 200 0
50 55 200 0
50 56 200 0
50 57 200 0
50 58 200 0
50 59 200 0
50 60 200 0
50 61 200 0
50 62 200 0
50 63 200 0
50 64 200 0
50 65 200 0
50 66 200 0
50 67 200 0
50 68 200 0
50 69 200 0
50 70 200 0
50 71 200 0
50 72 200 0
50 73 200 0
50 74 200 0
50 75 200 0
50 76 200 0
50 77 200 0
50 78 200 0
50 79 200 0
50 80 200 0
50 81 200 0
50 82 200 0
50 83 200 0
50 84 200 0
50 85 200 0
50 86 200 0
50 87 200 0
50 88 200 0
50 89 200 0
50 90 200 0
50 91 200 0
50 92 200 0
50 93 200 0
50 94 200 0
50 95 200 0
50 96 200 0
50 97 200 0
50 98 200 0
50 99 200 0
50 100 200 0
51 52 1 1
51 53 200 0
51 54 200 0
51 55 200 0
51 56 200 0
51 57 200 0
51 58 200 0
51 59 200 0
51 60 200 0
51 61 200 0
51 62 200 0
51 63 200 0
51 64 200 0
51 65 200 0
51 66 200 0
51 67 200 0
51 68 200 0
51 69 200 0
51 70 200 0
51 71 200 0
51 72 200 0
51 73 200 0
51 74 200 0
51 75 200 0
51 76 200 0
51 77 200 0
51 78 200 0
51 79 200 0
51 80 200 0
51 81 200 0
51 82 200 0
51 83 200 0
51 84 200 0
51 85 200 0
51 86 200 0
51 87 200 0
51 88 200 0
51 89 200 0
51 90 200 0
51 91 200 0
51 92 200 0
51 93 200 0
51 94 200 0
51 95 200 0
51 96 200 0
51 97 200 0
51 98 200 0
51 99 200 0
51 100 200 0
52 53 1 1
52 54 200 0
52 55 200 0
52 56 200 0
52 57 200 0
52 58 200 0
52 59 200 0
52 60 200 0
52 61 200 0
52 62 200 0
52 63 200 0
52 64 200 0
52 65 200 0
52 66 200 0
52 67 200 0
52 68 200 0
52 69 200 0
52 70 200 0
52 71 200 0
52 72 200 0
52 73 200 0
52 74 200 0
52 75 200 0
52 76 200 0
52 77 200 0
52 78 200 0
52 79 200 0
52 80 200 0
52 81 200 0
52 82 200 0
52 83 200 0
52 84 200 0
52 85 200 0
52 86 200 0
52 87 200 0
52 88 200 0
52 89 200 0
52 90 200 0
52 91 200 0
52 92 200 0
52 93 200 0
52 94 200 0
52 95 200 0
52 96 200 0
52 97 200 0
52 98 200 0
52 99 200 0
52 100 200 0
53 54 1 1
53 55 200 0
53 56 200 0
53 57 200 0
53 58 200 0
53 59 200 0
53 60 200 0
53 61 200 0
53 62 200 0
53 63 200 0
53 64 200 0
53 65 200 0
53 66 200 0
53 67 200 0
53 68 200 0
53 69 200 0
53 70 200 0
53 71 200 0
53 72 200 0
53 73 200 0
53 74 200 0
53 75 200 0
53 76 200 0
53 77 200 0
53 78 200 0
53 79 200 0
53 80 200 0
53 81 200 0
53 82 200 0
53 83 200 0
53 84 200 0
53 85 200 0
53 86 200 0
53 87 200 0
53 88 200 0
53 89 200 0
53 90 200 0
53 91 200 0
53 92 200 0
53 93 200 0
53 94 200 0
53 95 200 0
53 96 200 0
53 97 200 0
53 98 200 0
53 99 200 0
53 100 200 0
54 55 1 1
54 56 200 0
54 57 200 0
54 58 200 0
54 59 200 0
54 60 200 0
54 61 200 0
54 62 200 0
54 63 200 0
54 64 200 0
54 65 200 0
54 66 200 0
54 67 200 0
54 68 200 0
54 69 200 0
54 70 200 0
54 71 200 0
54 72 200 0
54 73 200 0
54 74 200 0
54 75 200 0
54 76 200 0
54 77 200 0
54 78 200 0
54 79 200 0
54 80 200 0
54 81 200 0
54 82 200 0
54 83 200 0
54 84 200 0
54 85 200 0
54 86 200 0
54 87 200 0
54 88 200 0
54 89 200 0
54 90 200 0
54 91 200 0
54 92 200 0
54 93 200 0
54 94 200 0
54 95 200 0
54 96 200 0
54 97 200 0
54 98 200 0
54 99 200 0
54 100 200 0
55 56 1 1
55 57 200 0
55 58 200 0
55 59 200 0
55 60 200 0
55 61 200 0
55 62 200 0
55 63 200 0
55 64 200 0
55 65 200 0
55 66 200 0
55 67 200 0
55 68 200 0
55 69 200 0
55 70 200 0
55 71 200 0
55 72 200 0
55 73 200 0
55 74 200 0
55 75 200 0
55 76 200 0
55 77 200 0
55 78 200 0
55 79 200 0
55 80 200 0
55 81 200 0
55 82 200 0
55 83 200 0
55 84 200 0
55 85 200 0
55 86 200 0
55 87 200 0
55 88 200 0
55 89 200 0
55 90 200 0
55 91 200 0
55 92 200 0
55 93 200 0
55 94 200 0
55 95 200 0
55 96 200 0
55 97 200 0
55 98 200 0
55 99 200 0
55 100 200 0
56 57 1 1
56 58 200 0
56 59 200 0
56 60 200 0
56 61 200 0
56 62 200 0
56 63 200 0
56 64 200 0
56 65 200 0
56 66 200 0
56 67 200 0
56 68 200 0
56 69 200 0
56 70 200 0
56 71 200 0
56 72 200 0
56 73 200 0
56 74 200 0
56 75 200 0
56 76 200 0
56 77 200 0
56 78 200 0
56 79 200 0
56 80 200 0
56 81 200 0
56 82 200 0
56 83 200 0
56 84 200 0
56 85 200 0
56 86 200 0
56 87 200 0
56 88 200 0
56 89 200 0
56 90 200 0
56 91 200 0
56 92 200 0
56 93 200 0
56 94 200 0
56 95 200 0
56 96 200 0
56 97 200 0
56 98 200 0
56 99 200 0
56 100 200 0
57 58 1 1
57 59 200 0
57 60 200 0
57 61 200 0
57 62 200 0
57 63 200 0
57 64 200 0
57 65 200 0
57 66 200 0
57 67 200 0
57 68 200 0
57 69 200 0
57 70 200 0
57 71 200 0
57 72 200 0
57 73 200 0
57 74 200 0
57 75 200 0
57 76 200 0
57 77 200 0
57 78 200 0
57 79 200 0
57 80 200 0
57 81 200 0
57 82 200 0
57 83 200 0
57 84 200 0
57 85 200 0
57 86 200 0
57 87 200 0
57 88 200 0
57 89 200 0
57 90 200 0
57 91 200 0
57 92 200 0
57 93 200 0
57 94 200 0
57 95 200 0
57 96 200 0
57 97 200 0
57 98 200 0
57 99 200 0
57 100 200 0
58 59 1 1
58 60 200 0
58 61 200 0
58 62 200 0
58 63 200 0
58 64 200 0
58 65 200 0
58 66 200 0
58 67 200 0
58 68 200 0
58 69 200 0
58 70 200 0
58 71 200 0
58 72 200 0
58 73 200 0
58 74 200 0
58 75 200 0
58 76 200 0
58 77 200 0
58 78 200 0
58 79 200 0
58 80 200 0
58 81 200 0
58 82 200 0
58 83 200 0
58 84 200 0
58 85 200 0
58 86 200 0
58 87 200 0
58 88 200 0
58 89 200 0
58 90 200 0
58 91 200 0
58 92 200 0
58 93 200 0
58 94 200 0
58 95 200 0
58 96 200 0
58 97 200 0
58 98 200 0
58 99 200 0
58 100 200 0
59 60 1 1
59 61 200 0
59 62 200 0
59 63 200 0
59 64 200 0
59 65 200 0
59 66 200 0
59 67 200 0
59 68 200 0
59 69 200 0
59 70 200 0
59 71 200 0
59 72 200 0
59 73 200 0
59 74 200 0
59 75 200 0
59 76 200 0
59 77 200 0
59 78 200 0
59 79 200 0
59 80 200 0
59 81 200 0
59 82 200 0
59 83 200 0
59 84 200 0
59 85 200 0
59 86 200 0
59 87 200 0
59 88 200 0
59 89 200 0
59 90 200 0
59 91 200 0
59 92 200 0
59 93 200 0
59 94 200 0
59 95 200 0
59 96 200 0
59 97 200 0
59 98 200 0
59 99 200 0
59 100 200 0
60 61 1 1
60 62 200 0
60 63 200 0
60 64 200 0
60 65 200 0
60 66 200 0
60 67 200 0
60 68 200 0
60 69 200 0
60 70 200 0
60 71 200 0
60 72 200 0
60 73 200 0
60 74 200 0
60 75 200 0
60 76 200 0
60 77 200 0
60 78 200 0
60 79 200 0
60 80 200 0
60 81 200 0
60 82 200 0
60 83 200 0
60 84 200 0
60 85 200 0
60 86 200 0
60 87 200 0
60 88 200 0
60 89 200 0
60 90 200 0
60 91 200 0
60 92 200 0
60 93 200 0
60 94 200 0
60 95 200 0
60 96 200 0
60 97 200 0
60 98 200 0
60 99 200 0
60 100 200 0
61 62 1 1
61 63 200 0
61 64 200 0
61 65 200 0
61 66 200 0
61 67 200 0
61 68 200 0
61 69 200 0
61 70 200 0
61 71 200 0
61 72 200 0
61 73 200 0
61 74 200 0
61 75 200 0
61 76 200 0
61 77 200 0
61 78 200 0
61 79 200 0
61 80 200 0
61 81 200 0
61 82 200 0
61 83 200 0
61 84 200 0
61 85 200 0
61 86 200 0
61 87 200 0
61 88 200 0
61 89 200 0
61 90 200 0
61 91 200 0
61 92 200 0
61 93 200 0
61 94 200 0
61 95 200 0
61 96 200 0
61 97 200 0
61 98 200 0
61 99 200 0
61 100 200 0
62 63 1 1
62 64 200 0
62 65 200 0
62 66 200 0
62 67 200 0
62 68 200 0
62 69 200 0
62 70 200 0
62 71 200 0
62 72 200 0
62 73 200 0
62 74 200 0
62 75 200 0
62 76 200 0
62 77 200 0
62 78 200 0
62 79 200 0
62 80 200 0
62 81 200 0
62 82 200 0
62 83 200 0
62 84 200 0
62 85 200 0
62 86 200 0
62 87 200 0
62 88 200 0
62 89 200 0
62 90 200 0
62 91 200 0
62 92 200 0
62 93 200 0
62 94 200 0
62 95 200 0
62 96 200 0
62 97 200 0
62 98 200 0
62 99 200 0
62 100 200 0
63 64 1 1
63 65 200 0
63 66 200 0
63 67 200 0
63 68 200 0
63 69 200 0
63 70 200 0
63 71 200 0
63 72 200 0
63 73 200 0
63 74 200 0
63 75 200 0
63 76 200 0
63 77 200 0
63 78 200 0
63 79 200 0
63 80 200 0
63 81 200 0
63 82 200 0
63 83 200 0
63 84 200 0
63 85 200 0
63 86 200 0
63 87 200 0
63 88 200 0
63 89 200 0
63 90 200 0
63 91 200 0
63 92 200 0
63 93 200 0
63 94 200 0
63 95 200 0
63 96 200 0
63 97 200 0
63 98 200 0
63 99 200 0
63 100 200 0
64 65 1 1
64 66 200 0
64 67 200 0
64 68 200 0
64 69 200 0
64 70 200 0
64 71 200 0
64 72 200 0
64 73 200 0
64 74 200 0
64 75 200 0
64 76 200 0
64 77 200 0
64 78 200 0
64 79 200 0
64 80 200 0
64 81 200 0
64 82 200 0
64 83 200 0
64 84 200 0
64 85 200 0
64 86 200 0
64 87 200 0
64 88 200 0
64 89 200 0
64 90 200 0
64 91 200 0
64 92 200 0
64 93 200 0
64 94 200 0
64 95 200 0
64 96 200 0
64 97 200 0
64 98 200 0
64 99 200 0
64 100 200 0
65 66 1 1
65 67 200 0
65 68 200 0
65 69 200 0
65 70 200 0
65 71 200 0
65 72 200 0
65 73 200 0
65 74 200 0
65 75 200 0
65 76 200 0
65 77 200 0
65 78 200 0
65 79 200 0
65 80 200 0
65 81 200 0
65 82 200 0
65 83 200 0
65 84 200 0
65 85 200 0
65 86 200 0
65 87 200 0
65 88 200 0
65 89 200 0
65 90 200 0
65 91 200 0
65 92 200 0
65 93 200 0
65 94 200 0
65 95 200 0
65 96 200 0
65 97 200 0
65 98 200 0
65 99 200 0
65 100 200 0
66 67 1 1
66 68 200 0
66 69 200 0
66 70 200 0
66 71 200 0
66 72 200 0
66 73 200 0
66 74 200 0
66 75 200 0
66 76 200 0
66 77 200 0
66 78 200 0
66 79 200 0
66 80 200 0
66 81 200 0
66 82 200 0
66 83 200 0
66 84 200 0
66 85 200 0
66 86 200 0
66 87 200 0
66 88 200 0
66 89 200 0
66 90 200 0
66 91 200 0
66 92 200 0
66 93 200 0
66 94 200 0
66 95 200 0
66 96 200 0
66 97 200 0
66 98 200 0
66 99 200 0
66 100 200 0
67 68 1 1
67 69 200 0
67 70 200 0
67 71 200 0
67 72 200 0
67 73 200 0
67 74 200 0
67 75 200 0
67 76 200 0
67 77 200 0
67 78 200 0
67 79 200 0
67 80 200 0
67 81 200 0
67 82 200 0
67 83 200 0
67 84 200 0
67 85 200 0
67 86 200 0
67 87 200 0
67 88 200 0
67 89 200 0
67 90 200 0
67 91 200 0
67 92 200 0
67 93 200 0
67 94 200 0
67 95 200 0
67 96 200 0
67 97 200 0
67 98 200 0
67 99 200 0
67 100 200 0
68 69 1 1
68 70 200 0
68 71 200 0
68 72 200 0
68 73 200 0
68 74 200 0
68 75 200 0
68 76 200 0
68 77 200 0
68 78 200 0
68 79 200 0
68 80 200 0
68 81 200 0
68 82 200 0
68 83 200 0
68 84 200 0
68 85 200 0
68 86 200 0
68 87 200 0
68 88 200 0
68 89 200 0
68 90 200 0
68 91 200 0
68 92 200 0
68 93 200 0
68 94 200 0
68 95 200 0
68 96 200 0
68 97 200 0
68 98 200 0
68 99 200 0
68 100 200 0
69 70 1 1
69 71 200 0
69 72 200 0
69 73 200 0
69 74 200 0
69 75 200 0
69 76 200 0
69 77 200 0
69 78 200 0
69 79 200 0
69 80 200 0
69 81 200 0
69 82 200 0
69 83 200 0
69 84 200 0
69 85 200 0
69 86 200 0
69 87 200 0
69 88 200 0
69 89 200 0
69 90 200 0
69 91 200 0
69 92 200 0
69 93 200 0
69 94 200 0
69 95 200 0
69 96 200 0
69 97 200 0
69 98 200 0
69 99 200 0
69 100 200 0
70 71 1 1
70 72 200 0
70 73 200 0
70 74 200 0
70 75 200 0
70 76 200 0
70 77 200 0
70 78 200 0
70 79 200 0
70 80 200 0
70 81 200 0
70 82 200 0
70 83 200 0
70 84 200 0
70 85 200 0
70 86 200 0
70 87 200 0
70 88 200 0
70 89 200 0
70 90 200 0
70 91 200 0
70 92 200 0
70 93 200 0
70 94 200 0
70 95 200 0
70 96 200 0
70 97 200 0
70 98 200 0
70 99 200 0
70 100 200 0
71 72 1 1
71 73 200 0
71 74 200 0
71 75 200 0
71 76 200 0
71 77 200 0
71 78 200 0
71 79 200 0
71 80 200 0
71 81 200 0
71 82 200 0
71 83 200 0
71 84 200 0
71 85 200 0
71 86 200 0
71 87 200 0
71 88 200 0
71 89 200 0
71 90 200 0
71 91 200 0
71 92 200 0
71 93 200 0
71 94 200 0
71 95 200 0
71 96 200 0
71 97 200 0
71 98 200 0
71 99 200 0
71 100 200 0
72 73 1 1
72 74 200 0
72 75 200 0
72 76 200 0
72 77 200 0
72 78 200 0
72 79 200 0
72 80 200 0
72 81 200 0
72 82 200 0
72 83 200 0
72 84 200 0
72 85 200 0
72 86 200 0
72 87 200 0
72 88 200 0
72 89 200 0
72 90 200 0
72 91 200 0
72 92 200 0
72 93 200 0
72 94 200 0
72 95 200 0
72 96 200 0
72 97 200 0
72 98 200 0
72 99 200 0
72 100 200 0
73 74 1 1
73 75 200 0
73 76 200 0
73 77 200 0
73 78 200 0
73 79 200 0
73 80 200 0
73 81 200 0
73 82 200 0
73 83 200 0
73 84 200 0
73 85 200 0
73 86 200 0
73 87 200 0
73 88 200 0
73 89 200 0
73 90 200 0
73 91 200 0
73 92 200 0
73 93 200 0
73 94 200 0
73 95 200 0
73 96 200 0
73 97 200 0
73 98 200 0
73 99 200 0
73 100 200 0
74 75 1 1
74 76 200 0
74 77 200 0
74 78 200 0
74 79 200 0
74 80 200 0
74 81 200 0
74 82 200 0
74 83 200 0
74 84 200 0
74 85 200 0
74 86 200 0
74 87 200 0
74 88 200 0
74 89 200 0
74 90 200 0
74 91 200 0
74 92 200 0
74 93 200 0
74 94 200 0
74 95 200 0
74 96 200 0
74 97 200 0
74 98 200 0
74 99 200 0
74 100 200 0
75 76 1 1
75 77 200 0
75 78 200 0
75 79 200 0
75 80 200 0
75 81 200 0
75 82 200 0
75 83 200 0
75 84 200 0
75 85 200 0
75 86 200 0
75 87 200 0
75 88 200 0
75 89 200 0
75 90 200 0
75 91 200 0
75 92 200 0
75 93 200 0
75 94 200 0
75 95 200 0
75 96 200 0
75 97 200 0
75 98 200 0
75 99 200 0
75 100 200 0
76 77 1 1
76 78 200 0
76 79 200 0
76 80 200 0
76 81 200 0
76 82 200 0
76 83 200 0
76 84 200 0
76 85 200 0
76 86 200 0
76 87 200 0
76 88 200 0
76 89 200 0
76 90 200 0
76 91 200 0
76 92 200 0
76 93 200 0
76 94 200 0
76 95 200 0
76 96 200 0
76 97 200 0
76 98 200 0
76 99 200 0
76 100 200 0
77 78 1 1
77 79 200 0
77 80 200 0
77 81 200 0
77 82 200 0
77 83 200 0
77 84 200 0
77 85 200 0
77 86 200 0
77 87 200 0
77 88 200 0
77 89 200 0
77 90 200 0
77 91 200 0
77 92 200 0
77 93 200 0
77 94 200 0
77 95 200 0
77 96 200 0
77 97 200 0
77 98 200 0
77 99 200 0
77 100 200 0
78 79 1 1
78 80 200 0
78 81 200 0
78 82 200 0
78 83 200 0
78 84 200 0
78 85 200 0
78 86 200 0
78 87 200 0
78 88 200 0
78 89 200 0
78 90 200 0
78 91 200 0
78 92 200 0
78 93 200 0
78 94 200 0
78 95 200 0
78 96 200 0
78 97 200 0
78 98 200 0
78 99 200 0
78 100 200 0
79 80 1 1
79 81 200 0
79 82 200 0
79 83 200 0
79 84 200 0
79 85 200 0
79 86 200 0
79 87 200 0
79 88 200 0
79 89 200 0
79 90 200 0
79 91 200 0
79 92 200 0
79 93 200 0
79 94 200 0
79 95 200 0
79 96 200 0
79 97 200 0
79 98 200 0
79 99 200 0
79 100 200 0
80 81 1 1
80 82 200 0
80 83 200 0
80 84 200 0
80 85 200 0
80 86 200 0
80 87 200 0
80 88 200 0
80 89 200 0
80 90 200 0
80 91 200 0
80 92 200 0
80 93 200 0
80 94 200 0
80 95 200 0
80 96 200 0
80 97 200 0
80 98 200 0
80 99 200 0
80 100 200 0
81 82 1 1
81 83 200 0
81 84 200 0
81 85 200 0
81 86 200 0
81 87 200 0
81 88 200 0
81 89 200 0
81 90 200 0
81 91 200 0
81 92 200 0
81 93 200 0
81 94 200 0
81 95 200 0
81 96 200 0
81 97 200 0
81 98 200 0
81 99 200 0
81 100 200 0
82 83 1 1
82 84 200 0
82 85 200 0
82 86 200 0
82 87 200 0
82 88 200 0
82 89 200 0
82 90 200 0
82 91 200 0
82 92 200 0
82 93 200 0
82 94 200 0
82 95 200 0
82 96 200 0
82 97 200 0
82 98 200 0
82 99 200 0
82 100 200 0
83 84 1 1
83 85 200 0
83 86 200 0
83 87 200 0
83 88 200 0
83 89 200 0
83 90 200 0
83 91 200 0
83 92 200 0
83 93 200 0
83 94 200 0
83 95 200 0
83 96 200 0
83 97 200 0
83 98 200 0
83 99 200 0
83 100 200 0
84 85 1 1
84 86 200 0
84 87 200 0
84 88 200 0
84 89 200 0
84 90 200 0
84 91 200 0
84 92 200 0
84 93 200 0
84 94 200 0
84 95 200 0
84 96 200 0
84 97 200 0
84 98 200 0
84 99 200 0
84 100 200 0
85 86 1 1
85 87 200 0
85 88 200 0
85 89 200 0
85 90 200 0
85 91 200 0
85 92 200 0
85 93 200 0
85 94 200 0
85 95 200 0
85 96 200 0
85 97 200 0
85 98 200 0
85 99 200 0
85 100 200 0
86 87 1 1
86 88 200 0
86 89 200 0
86 90 200 0
86 91 200 0
86 92 200 0
86 93 200 0
86 94 200 0
86 95 200 0
86 96 200 0
86 97 200 0
86 98 200 0
86 99 200 0
86 100 200 0
87 88 1 1
87 89 200 0
87 90 200 0
87 91 200 0
87 92 200 0
87 93 200 0
87 94 200 0
87 95 200 0
87 96 200 0
87 97 200 0
87 98 200 0
87 99 200 0
87 100 200 0
88 89 1 1
88 90 200 0
88 91 200 0
88 92 200 0
88 93 200 0
88 94 200 0
88 95 200 0
88 96 200 0
88 97 200 0
88 98 200 0
88 99 200 0
88 100 200 0
89 90 1 1
89 91 200 0
89 92 200 0
89 93 200 0
89 94 200 0
89 95 200 0
89 96 200 0
89 97 200 0
89 98 200 0
89 99 200 0
89 100 200 0
90 91 1 1
90 92 200 0
90 93 200 0
90 94 200 0
90 95 200 0
90 96 200 0
90 97 200 0
90 98 200 0
90 99 200 0
90 100 200 0
91 92 1 1
91 93 200 0
91 94 200 0
91 95 200 0
91 96 200 0
91 97 200 0
91 98 200 0
91 99 200 0
91 100 200 0
92 93 1 1
92 94 200 0
92 95 200 0
92 96 200 0
92 97 200 0
92 98 200 0
92 99 200 0
92 100 200 0
93 94 1 1
93 95 200 0
93 96 200 0
93 97 200 0
93 98 200 0
93 99 200 0
93 100 200 0
94 95 1 1
94 96 200 0
94 97 200 0
94 98 200 0
94 99 200 0
94 100 200 0
95 96 1 1
95 97 200 0
95 98 200 0
95 99 200 0
95 100 200 0
96 97 1 1
96 98 200 0
96 99 200 0
96 100 200 0
97 98 1 1
97 99 200 0
97 100 200 0
98 99 1 1
98 100 200 0
99 100 1 1
